2376.982	0.028	0.000
2377.973	0.028	0.000
2378.965	0.028	0.000
2379.956	0.028	0.000
2380.947	0.028	0.000
2381.938	0.028	0.000
2382.929	0.028	0.000
2383.920	0.029	0.000
2384.911	0.029	0.000
2385.902	0.029	0.000
2386.894	0.031	0.000
2387.885	0.033	0.000
2388.876	0.043	0.001
2389.867	0.062	0.001
2390.858	0.110	0.004
2391.849	0.214	0.008
2392.840	0.434	0.016
2393.832	0.837	0.028
2394.823	1.493	0.048
2395.814	2.551	0.072
2396.805	3.922	0.091
2397.796	5.604	0.110
2398.787	7.309	0.119
2399.778	9.226	0.121
2400.770	10.539	0.077
2401.761	11.171	0.033
2402.752	11.152	0.013
2403.743	10.396	0.058
2404.734	9.175	0.077
2405.725	7.343	0.124
2406.716	5.421	0.129
2407.708	3.625	0.109
2408.699	2.208	0.085
2409.690	1.242	0.055
2410.681	0.650	0.034
2411.672	0.306	0.018
2412.663	0.149	0.009
2413.654	0.078	0.004
2414.646	0.047	0.002
2415.637	0.035	0.001
2416.628	0.031	0.000
2417.619	0.029	0.000
2418.610	0.029	0.000
2419.601	0.029	0.000
2420.592	0.028	0.000
2421.583	0.028	0.000
2422.574	0.028	0.000
2423.566	0.028	0.000
2424.557	0.028	0.000
2425.548	0.028	0.000
2426.539	0.028	0.000
